40
0	1	348	-999
1	0	348	2	139	-999
2	1	139	3	190	-999
3	2	190	4	277	-999
4	3	277	5	118	6	225	-999
5	4	118	9	206	-999
6	4	225	7	590	12	529	-999
7	6	590	8	335	-999
8	7	335	-999
9	5	206	10	375	-999
10	9	375	11	467	22	290	-999
11	10	467	14	170	-999
12	6	529	13	133	-999
13	12	133	14	232	-999
14	11	170	13	232	15	429	-999
15	14	429	16	143	-999
16	15	429	17	227	18	377	-999
17	16	227	-999
18	16	377	19	227	-999
19	18	227	20	261	21	717	-999
20	19	261	-999
21	19	717	-999
22	10	290	23	234	24	272	-999
23	22	234	-999
24	22	272	25	312	26	184	-999
25	24	312	26	414	-999
26	25	414	27	266	-999
27	26	266	28	314	-999
28	27	314	-999
29	24	183	30	378	-999
30	29	378	31	108	-999
31	30	108	32	201	-999
32	31	201	33	200	-999
33	32	200	34	265	-999
34	33	265	35	371	-999
35	34	371	36	235	37	271	-999
36	35	235	-999
37	35	271	38	294	-999
38	37	294	39	503	-999
39	38	503	-999
